8
49
93
120
165
180
209
385
462
649
692
781
891
1044
1151
1158
1237
1249
1262
1330
1357
1399
1461
1465
1531
1548
1621
1651
1693
1699
1726
1775
1797
1819
1944
1982
2002
2059
2088
2160
2345
2384
2387
2576
2625
2654
2723
2784
2787
2792
2919
2947
2968
2980
3013
3040
3180
3197
3301
3341
3363
3376
3435
3599
3610
3683
3726
3742
3800
3921
4009
4015
4018
4086
4116
4134
4268
4303
4318
4336
4416
4513
4645
4680
4699
4825
4981
4998
5077
5096
5111
5181
5268
5317
5375
5389
5392
5468
5526
5577
5697
5764
5779
5788
5817
5909
5910
5941
6059
6162
6184
6193
6213
6224
6265
6283
6323
6423
6440
6477
6486
6573
6578
6582
6628
6641
6735
6836
6860
6941
6976
7021
7092
7183
7251
7302
7306
7312
7336
7402
7438
7471
7554
7635
7636
7649
7763
7781
7861
7917
7964
8123
8168
8342
8347
8362
8365
8435
8488
8500
8545
8588
8636
8708
8739
8774
8887
8903
8987
9003
9042
9077
9090
9179
9231
9233
9241
9248
9303
9385
9447
9482
9485
9487
9570
9616
9636
9738
9749
9751
9760
9838
9924
9928
9929
9932
9940
10019
10204
10215
10243
10303
10327
10335
10411
10569
10570
10633
10696
10720
10872
10915
11011
11012
11016
11045
11203
11214
11254
11255
11287
11311
11484
11570
11627
11669
11728
11736
11759
11820
11905
11947
11966
12034
12047
12088
12094
12102
12113
12159
12161
12166
12214
12258
12265
12303
12349
12451
12462
12502
12507
12569
12603
12683
12742
12804
12815
12838
12839
12877
12879
13014
13249
13283
13371
13451
13473
13544
13574
13580
13661
13667
13705
13805
13816
13828
13849
13871
13877
13918
13955
14004
14055
14074
14116
14152
14248
14257
14449
14502
14512
14573
14665
14690
14763
14958
14990
15007
15062
15067
15070
15122
15148
15267
15279
15300
15338
15365
15393
15442
15540
15631
15644
15667
15709
15788
15811
15866
15875
15908
15969
16007
16042
16108
16251
16311
16317
16367
16402
16423
16454
16471
16497
16520
16577
16595
16625
16631
16638
16665
16751
16798
16856
16932
17021
17064
17110
17120
17138
17189
17204
17205
17210
17244
17249
17312
17470
17576
17605
17631
17685
17729
17761
17947
17993
18100
18160
18263
18398
18407
18431
18672
18708
18709
18804
18840
18864
18872
19008
19157
19186
19188
19257
19260
19286
19351
19456
19484
19518
19545
19799
19858
19880
19896
20003
20005
20017
20029
20057
20154
20199
20368
20414
20416
20450
20457
20513
20515
20581
20595
20653
20699
20724
20884
20892
20914
20921
20957
21078
21093
21118
21312
21361
21429
21444
21480
21489
21550
21559
21575
21710
21740
21749
21765
21896
21898
22017
22302
22306
22341
22374
22400
22403
22432
22532
22535
22596
22629
22651
22814
22890
22903
22946
22997
23053
23088
23164
23193
23307
23331
23453
23497
23531
23577
23661
23685
23712
23722
23731
23966
24003
24082
24180
24218
24362
24522
24552
24558
24652
24700
24736
24741
24788
24814
24863
24868
24906
24911
24916
25039
25081
25083
25084
25160
25219
25320
25389
25391
25436
25478
25517
25537
25545
25548
25570
25583
25686
25698
25819
25859
25868
25941
25972
25984
25997
26061
26111
26125
26161
26173
26319
26395
26465
26558
26777
26821
26869
26898
26910
27078
27079
27140
27216
27308
27351
27450
27480
27534
27637
27652
27794
27852
27867
27902
27919
27943
27967
27974
27979
27994
28097
28165
28178
28245
28327
28343
28415
28420
28457
28480
28509
28537
28583
28693
28713
28723
29007
29027
29064
29093
29104
29114
29153
29159
29202
29429
29512
29531
29820
29854
29891
29893
29919
29962
29989
30000
30039
30117
30151
30322
30334
30469
30490
30534
30545
30560
30572
30791
30939
30960
31021
31078
31130
31186
31200
31236
31342
31413
31450
31468
31554
31577
31584
31609
31725
31732
31891
31942
32012
32016
32040
32052
32091
32106
32175
32213
32218
32364
32599
32720
32729
32769
32770
32778
32933
32960
32961
33193
33213
33214
33375
33484
33520
33751
33799
33869
33874
33893
33926
34040
34141
34261
34344
34439
34474
34485
34526
34663
34815
34826
34848
34865
34880
34899
35100
35124
35148
35295
35339
35519
35569
35680
35732
35747
35761
35798
35862
35957
35960
35980
36021
36022
36082
36192
36305
36357
36408
36463
36482
36541
36580
36689
36699
36835
36891
36917
36968
36974
36981
36994
37051
37122
37198
37281
37290
37422
37471
37507
37515
37528
37557
37628
37714
37731
37755
37908
37993
38012
38036
38039
38093
38107
38109
38177
38236
38282
38442
38503
38559
38560
38575
38610
38808
38868
38922
38939
38944
39003
39022
39048
39062
39092
39118
39128
39240
39246
39297
39303
39393
39412
39481
39482
39488
39592
39594
39721
39726
39788
39840
39853
39927
39962
39995
40022
40090
40255
40348
40486
40542
40604
40867
40899
41046
41053
41063
41112
41124
41172
41262
41275
41359
41466
41520
41646
41673
41703
41715
41871
41887
41904
41987
41991
42016
42051
42166
42188
42240
42274
42291
42432
42475
42520
42617
42671
42684
42712
42889
42892
43011
43026
43074
43077
43124
43126
43198
43211
43343
43350
43430
43459
43460
43522
43650
43676
43741
43762
43769
43774
43968
43999
44041
44044
44052
44060
44081
44171
44298
44320
44327
44450
44451
44483
44543
44568
44576
44643
44694
44728
44823
44825
44882
44914
44948
45004
45031
45040
45163
45191
45307
45318
45389
45498
45526
45549
45568
45629
45720
45746
45787
45801
45820
45826
45847
46043
46161
46176
46190
46202
46224
46234
46297
46468
46624
46692
46699
46736
46772
46823
46832
46859
46866
46898
46943
46969
46983
46989
47005
47058
47070
47081
47108
47204
47234
47432
47475
47505
47511
47644
47703
47730
47749
47784
47837
47840
47847
47934
47946
48093
48161
48181
48205
48223
48273
48317
48326
48375
48390
48445
48555
48635
48679
48694
48758
48775
48795
48866
48916
48935
49011
49217
49340
49354
49385
49424
49516
49521
49528
49545
49589
49639
49666
49682
49693
49761
49774
49794
49825
49834
49908
49979
49983
49991
50137
50149
50185
50243
50299
50312
50383
50482
50485
50488
50492
50536
50560
50718
50731
50944
51014
51032
51128
51188
51191
51346
51392
51396
51481
51488
51632
51709
51747
51776
51779
51867
51907
51962
52040
52115
52193
52305
52337
52357
52417
52541
52605
52670
52764
52782
52914
52928
52987
53022
53032
53043
53178
53254
53334
53342
53389
53480
53509
53654
53682
53699
53717
53747
53769
53781
53810
53854
53947
54008
54103
54206
54214
54230
54272
54278
54328
54386
54501
54577
54657
54700
54796
54827
54916
54944
54979
55003
55006
55282
55330
55365
55385
55403
55433
55568
55580
55761
55843
55865
55885
55957
55978
56007
56024
56051
56055
56198
56255
56277
56284
56383
56412
56436
56450
56519
56565
56601
56743
56759
56849
56850
56852
56936
56942
56970
56981
57003
57081
57082
57083
57190
57298
57340
57343
57399
57446
57650
57651
57843
57860
57890
57896
57897
57912
57932
57940
57966
58077
58122
58192
58204
58214
58239
58290
58301
58329
58355
58403
58421
58447
58494
58539
58582
58667
58685
58788
58821
58872
59012
59037
59061
59080
59157
59158
59163
59274
59481
59536
59602
59605
59614
59700
59842
59851
59896
59904
59912
60003
60058
60171
60268
60327
60358
60423
60463
60470
60500
60522
60691
60804
60818
60835
60909
61038
61065
61176
61184
61238
61318
61465
61466
61540
61584
61646
61692
61848
61850
61926
61936
61942
61962
61977
62004
62042
62072
62142
62168
62172
62202
62271
62307
62354
62357
62370
62400
62558
62586
62629
62757
62768
62837
62854
62925
62957
63011
63047
63070
63119
63148
63151
63163
63196
63323
63352
63417
63484
63554
63569
63579
63625
63691
63708
63713
63773
63860
63995
64031
64038
64072
64137
64247
64270
64276
64338
64352
64427
64429
64451
64463
64491
64544
64640
64715
64719
64798
64810
64822
64848
64868
64918
64943
65084
65093
65122
65149
65240
65255
65284
65301
65305
65340
65466
65475
65501
65516
65518
65672
65716
65767
65790
65844
65901
65911
66019
66118
66155
66211
66247
66260
66270
66351
66379
66414
66476
66536
66578
66580
66672
66751
66920
66990
67014
67083
67107
67131
67138
67153
67193
67203
67210
67232
67368
67417
67468
67490
67511
67598
67705
67818
67840
67856
67970
67971
67986
68023
68105
68169
68266
68295
68389
68397
68430
68451
68458
68537
68605
68622
68692
68721
68727
68738
68757
68799
68806
68826
68839
68959
68963
68971
69067
69136
69308
69318
69329
69361
69423
69433
69451
69476
69567
69640
69738
69759
69767
69844
69949
69992
70023
70103
70350
70382
70387
70462
70497
70515
70597
70603
70635
70651
70662
70663
70757
70775
70781
70782
70892
70948
71017
71029
71032
71061
71103
71285
71286
71345
71357
71371
71542
71554
71586
71605
71635
71647
71694
71726
71742
71798
71860
71947
71982
72053
72359
72381
72442
72445
72485
72541
72611
72652
72690
72715
72716
72728
72740
72749
72783
72909
72927
73031
73074
73131
73275
73306
73390
73433
73507
73528
73620
73709
73807
73871
73949
73970
74035
74063
74102
74117
74153
74169
74338
74393
74397
74454
74494
74618
74756
74773
74796
74849
74906
75049
75217
75224
75257
75312
75329
75335
75350
75380
75394
75506
75532
75534
75682
75705
75768
75817
75826
75840
75879
75942
75984
75986
76048
76091
76151
76185
76249
76417
76459
76463
76497
76587
76603
76638
76764
76775
76803
76856
76886
76909
76956
76957
76974
77012
77016
77032
77058
77110
77139
77182
77190
77276
77413
77415
77506
77537
77631
77635
77642
77643
77666
77679
77708
77860
77873
77898
77907
77923
78132
78187
78216
78238
78240
78269
78307
78392
78441
78481
78570
78598
78663
78670
78790
78791
78960
79029
79078
79090
79114
79176
79177
79222
79244
79292
79347
79348
79351
79364
79396
79427
79472
79489
79504
79557
79696
79752
79757
79822
79840
79870
79940
80013
80027
80083
80088
80352
80361
80403
80426
80529
80531
80543
80573
80597
80600
80609
80632
80643
80679
80691
80698
80738
80818
80901
80929
80932
80997
81087
81133
81191
81193
81198
81207
81332
81388
81449
81495
81552
81561
81594
81597
81617
81655
81763
81797
81923
81997
82112
82122
82171
82223
82239
82263
82274
82324
82447
82471
82478
82502
82506
82614
82624
82681
82781
82815
82853
82900
82918
82928
82933
82934
83005
83023
83097
83161
83199
83226
83243
83281
83314
83339
83372
83424
83440
83480
83486
83488
83491
83558
83579
83599
83619
83636
83639
83644
83672
83717
83731
83780
83863
83956
83997
84066
84178
84271
84273
84308
84447
84448
84461
84470
84556
84593
84623
84702
84745
84746
84862
84876
84915
84947
84962
85079
85095
85104
85106
85127
85146
85172
85179
85227
85340
85351
85514
85560
85609
85629
85630
85657
85800
85820
85849
85901
85994
86150
86265
86314
86358
86428
86460
86517
86538
86551
86641
86707
86846
86862
86866
86952
86956
86960
87000
87178
87193
87298
87364
87376
87380
87392
87414
87448
87449
87460
87465
87489
87575
87604
87654
87665
87672
87695
87706
87770
87826
87833
87867
87886
87981
87992
88020
88061
88078
88150
88213
88256
88265
88301
88328
88380
88387
88469
88618
88655
88707
88830
88971
88984
89083
89095
89301
89313
89354
89437
89497
89510
89562
89649
89731
89748
89831
89908
90108
90117
90157
90229
90253
90301
90303
90351
90403
90412
90431
90441
90494
90540
90547
90558
90720
90864
90870
90939
90966
91066
91086
91119
91179
91201
91211
91333
91350
91357
91463
91471
91551
91565
91619
91634
91730
91735
91760
91770
91860
91879
91891
91908
92012
92043
92070
92182
92373
92461
92511
92523
92552
92663
92714
92761
92776
92788
92850
92853
92888
92955
92980
92983
93037
93083
93090
93118
93175
93233
93259
93308
93357
93392
93396
93415
93539
93544
93589
93670
93676
93697
93710
93788
93828
93930
93941
93981
94007
94129
94302
94313
94340
94499
94500
94504
94509
94686
94727
94777
94790
95258
95302
95327
95347
95374
95392
95622
95714
95719
95778
95824
95863
95900
95901
95971
96043
96053
96084
96161
96194
96215
96241
96448
96579
96625
96652
96771
96776
96777
96819
96841
96874
96907
96940
96947
96976
96977
96980
96996
96998
97040
97121
97252
97286
97338
97343
97505
97545
97555
97575
97628
97687
97724
97802
97805
97832
97854
97864
97938
97971
98013
98077
98185
98295
98318
98350
98544
98552
98653
98687
98728
98732
98743
98821
98865
98880
98934
98951
98963
98994
99142
99150
99173
99281
99337
99438
99566
99599
99632
99769
99790
99914
99919
99938
